Total Accuracy: 0.8902222222222222
Precision: 0.8968966706728481
Recall: 0.8902222222222222
F1-score: 0.889705792034011

