Overall Performance Metrics:
Accuracy: 0.13793103448275862
Precision: 0.060753315044964964
Recall: 0.08273654289301928
F1-score: 0.06645855096602536